Run semi-empirical minimization
 &qmmm
    qm_theory='AM1', grms_tol=0.0005,
 scfconv=1.d-10, ndiis_attempts=700,   qmcharge=1,
 /
   6    C1       11.8370       -2.0140        1.1170 
   7    N1       13.1190       -2.4440        0.5480 
   6    C2       14.2840       -2.6030        1.1990 
   7    N2       14.4760       -2.4190        2.5140 
   7    N3       15.2650       -2.9840        0.3720 
   6    C3       14.8040       -3.0770       -1.0180 
   6    C4       15.4610       -2.0010       -1.9040 
   6    C5       16.1510       -2.3400       -3.0920 
   6    C6       16.6410       -1.3350       -3.9380 
   6    C7       16.4310        0.0170       -3.6220 
   6    C8       15.8010        0.4010       -2.4220 
   6    C9       15.5620        1.8310       -2.1120 
   6   C10       15.2810        2.7550       -3.1460 
   6   C11       14.9680        4.0990       -2.8610 
   6   C12       14.9450        4.5500       -1.5310 
   6   C13       15.2580        3.6600       -0.4910 
  17   Cl1       15.2530        4.2290        1.1380 
   6   C14       15.5640        2.3150       -0.7820 
   6   C15       15.3490       -0.6260       -1.5610 
   6   C16       14.9080       -4.5250       -1.5630 
   6   C17       16.2090       -5.3450       -1.4850 
   6   C18       15.3500       -6.6080       -1.3810 
   6   C19       14.2260       -5.7120       -0.8520 
   6   C20       13.3180       -2.7300       -0.8330 
   8    O1       12.4290       -2.7000       -1.6920 
   1    H1       10.9980       -2.4910        0.6090 
   1    H2       11.7340       -0.9360        1.0000 
   1    H3       11.7740       -2.2620        2.1760 
   1    H4       13.7630       -2.0740        3.1550 
   1    H5       16.2460       -3.0540        0.6410 
   1    H6       16.3020       -3.3610       -3.4050 
   1    H7       17.1520       -1.6040       -4.8530 
   1    H8       16.7590        0.7670       -4.3240 
   1    H9       15.2560        2.4230       -4.1740 
   1   H10       14.7190        4.7840       -3.6580 
   1   H11       14.6860        5.5740       -1.3050 
   1   H12       15.8000        1.6480        0.0300 
   1   H13       14.8420       -0.3410       -0.6510 
   1   H14       14.5530       -4.5490       -2.5960 
   1   H15       16.7850       -5.1570       -0.5770 
   1   H16       16.8340       -5.3100       -2.3760 
   1   H17       15.1200       -7.0480       -2.3540 
   1   H18       15.7160       -7.3540       -0.6740 
   1   H19       14.2350       -5.6340        0.2370 
   1   H20       13.2340       -5.9640       -1.2300 
   1   H21       15.4220       -2.4980        2.8930 

