Run semi-empirical minimization
 &qmmm
    qm_theory='AM1', grms_tol=0.0005,
 scfconv=1.d-10, ndiis_attempts=700,   qmcharge=1,
 /
   6    C1       14.8620        4.8350        1.1620 
   8    O1       15.5060        3.6190        0.8240 
   6    C2       15.5030        3.2550       -0.5040 
   6    C3       15.3200        4.1380       -1.5910 
   7    N1       15.3570        3.7400       -2.8750 
   6    C4       15.5480        2.4300       -3.1300 
   6    C5       15.7090        1.4390       -2.1360 
   6    C6       15.8420       -0.0010       -2.4610 
   6    C7       16.3310       -0.4070       -3.7130 
   6    C8       16.3920       -1.7640       -4.0580 
   6    C9       15.9460       -2.7520       -3.1640 
   6   C10       15.4720       -2.3990       -1.8780 
   6   C11       14.9080       -3.4070       -0.8340 
   6   C12       15.1740       -4.9290       -0.9310 
   6   C13       14.8730       -5.7780       -2.1410 
   6   C14       16.2960       -5.6350       -1.6620 
   7    N2       15.3120       -3.0250        0.5180 
   6   C15       14.2750       -2.7110        1.2950 
   7    N3       14.4150       -2.3940        2.5870 
   7    N4       13.1170       -2.7750        0.6180 
   6   C16       11.7850       -2.4930        1.1590 
   6   C17       13.3890       -3.1880       -0.7200 
   8    O2       12.5280       -3.3360       -1.5930 
   6   C18       15.4440       -1.0120       -1.5540 
   6   C19       15.7030        1.8990       -0.8050 
   1    H1       14.8380        4.9420        2.2470 
   1    H2       15.3760        5.6990        0.7520 
   1    H3       13.8380        4.8350        0.7950 
   1    H4       15.1540        5.1940       -1.4430 
   1    H5       15.5340        2.1700       -4.1770 
   1    H6       16.6510        0.3210       -4.4420 
   1    H7       16.7660       -2.0340       -5.0340 
   1    H8       15.9800       -3.7600       -3.5290 
   1    H9       14.9010       -5.4260       -0.0010 
   1   H10       14.3800       -6.7350       -1.9830 
   1   H11       14.5830       -5.2660       -3.0450 
   1   H12       16.9750       -5.0800       -2.2920 
   1   H13       16.7460       -6.4900       -1.1620 
   1   H14       16.2890       -2.9970        0.8160 
   1   H15       13.6580       -2.0900        3.1970 
   1   H16       11.0200       -2.4650        0.3820 
   1   H17       11.5050       -3.2430        1.8970 
   1   H18       11.8050       -1.5230        1.6420 
   1   H19       15.0490       -0.7090       -0.5980 
   1   H20       15.8440        1.2080        0.0050 
   1   H21       15.3520       -2.3780        2.9950 

