Run semi-empirical minimization
 &qmmm
    qm_theory='AM1', grms_tol=0.0005,
 scfconv=1.d-10, ndiis_attempts=700,   qmcharge=1,
 /
   6    C1       11.7880       -2.3630        1.0750 
   7    N1       13.1410       -2.6520        0.5830 
   6    C2       14.2740       -2.5820        1.2970 
   7    N2       14.3740       -2.3170        2.6050 
   7    N3       15.3420       -2.8320        0.5430 
   6    C3       15.0050       -3.1470       -0.8380 
   6    C4       15.5490       -2.0800       -1.8070 
   6    C5       16.1590       -2.4450       -3.0300 
   6    C6       16.5920       -1.4580       -3.9270 
   6    C7       16.4000       -0.1000       -3.6280 
   6    C8       15.8190        0.3100       -2.4090 
   6    C9       15.5980        1.7480       -2.1180 
   6   C10       15.3880        2.6890       -3.1520 
   7    N4       15.1190        3.9950       -2.9530 
   6   C11       15.0500        4.4410       -1.6850 
   6   C12       15.2750        3.6150       -0.5720 
  17   Cl1       15.1920        4.2580        1.0280 
   6   C13       15.5590        2.2560       -0.8000 
   6   C14       15.4170       -0.7000       -1.5020 
   6   C15       15.5680       -4.5520       -1.1180 
   6   C16       14.9250       -5.8310       -0.6180 
   6   C17       14.9660       -5.5370       -2.0970 
   6   C18       13.4680       -3.0280       -0.7570 
   8    O1       12.6390       -3.1790       -1.6590 
   1    H1       11.0230       -2.8010        0.4330 
   1    H2       11.6520       -2.7550        2.0830 
   1    H3       11.6340       -1.2840        1.1020 
   1    H4       13.5960       -2.0540        3.2060 
   1    H5       16.3080       -2.8170        0.8780 
   1    H6       16.2990       -3.4770       -3.3190 
   1    H7       17.0550       -1.7420       -4.8630 
   1    H8       16.7060        0.6260       -4.3650 
   1    H9       15.3930        2.3810       -4.1860 
   1   H10       14.8130        5.4860       -1.5540 
   1   H11       15.7500        1.6090        0.0380 
   1   H12       14.9480       -0.4100       -0.5740 
   1   H13       16.6550       -4.5610       -1.0760 
   1   H14       15.5870       -6.6130       -0.2500 
   1   H15       13.9560       -5.7810       -0.1280 
   1   H16       14.0220       -5.2920       -2.5700 
   1   H17       15.6530       -6.1160       -2.7130 
   1   H18       15.2970       -2.3100        3.0400 

