Run semi-empirical minimization
 &qmmm
    qm_theory='AM1', grms_tol=0.0005,
 scfconv=1.d-10, ndiis_attempts=700,   qmcharge=1,
 /
   6    C1       11.7070       -2.3240        1.1520 
   7    N1       13.0800       -2.5320        0.6750 
   6    C2       14.2030       -2.4300        1.3980 
   7    N2       14.2890       -2.2310        2.7110 
   7    N3       15.2910       -2.5900        0.6540 
   6    C3       14.9790       -2.9820       -0.7080 
   6    C4       15.4750       -4.4510       -0.8100 
   6    C5       15.0160       -5.2710       -1.9950 
   6    C6       16.0510       -5.9030       -2.8810 
   6    C7       15.1860       -6.7770       -2.0220 
   6    C8       15.5530       -1.9670       -1.7160 
   6    C9       16.2220       -2.3570       -2.8990 
   6   C10       16.6510       -1.3900       -3.8250 
   6   C11       16.4180       -0.0250       -3.5810 
   6   C12       15.8040        0.4090       -2.3880 
   6   C13       15.5510        1.8450       -2.1200 
   6   C14       15.2560        2.7420       -3.1740 
   6   C15       14.9250        4.0880       -2.9140 
   6   C16       14.8970        4.5660       -1.5930 
   6   C17       15.2240        3.7030       -0.5360 
  17   Cl1       15.2030        4.2950        1.0850 
   6   C18       15.5520        2.3580       -0.8010 
   6   C19       15.3870       -0.5810       -1.4700 
   6   C20       13.4410       -2.8720       -0.6620 
   8    O1       12.6320       -3.0300       -1.5820 
   1    H1       11.6040       -2.6350        2.1920 
   1    H2       11.4530       -1.2670        1.0810 
   1    H3       10.9880       -2.8880        0.5560 
   1    H4       13.5000       -2.0140        3.3170 
   1    H5       16.2490       -2.5890        1.0090 
   1    H6       15.1580       -4.9960        0.0810 
   1    H7       16.5650       -4.4620       -0.7700 
   1    H8       14.1140       -4.9160       -2.4840 
   1    H9       15.8390       -5.7720       -3.9330 
   1   H10       17.0970       -5.8250       -2.6000 
   1   H11       15.6530       -7.2540       -1.1620 
   1   H12       14.4210       -7.3680       -2.5220 
   1   H13       16.4110       -3.3890       -3.1400 
   1   H14       17.1460       -1.6960       -4.7370 
   1   H15       16.7200        0.6930       -4.3260 
   1   H16       15.2350        2.3870       -4.1940 
   1   H17       14.6630        4.7530       -3.7240 
   1   H18       14.6230        5.5910       -1.3890 
   1   H19       15.7970        1.7150        0.0270 
   1   H20       14.8790       -0.2620       -0.5740 
   1   H21       15.2060       -2.2090        3.1540 

