Run semi-empirical minimization
 &qmmm
    qm_theory='AM1', grms_tol=0.0005,
 scfconv=1.d-10, ndiis_attempts=700,   qmcharge=1,
 /
   6    C1       11.8160       -1.9870        1.1350 
   7    N1       13.0890       -2.4270        0.5570 
   6    C2       14.2590       -2.5970        1.1960 
   7    N2       14.4700       -2.4090        2.5070 
   7    N3       15.2260       -2.9960        0.3600 
   6    C3       14.7420       -3.1090       -1.0220 
   6    C4       15.3910       -2.0430       -1.9330 
   6    C5       15.9760       -2.3790       -3.1780 
   6    C6       16.4920       -1.3790       -4.0130 
   6    C7       16.3750       -0.0270       -3.6530 
   6    C8       15.8020        0.3580       -2.4240 
   6    C9       15.6000        1.7920       -2.0990 
   6   C10       15.3380        2.7310       -3.1260 
   6   C11       15.0420        4.0770       -2.8330 
   6   C12       15.0160        4.5160       -1.5000 
   6   C13       15.3140        3.6150       -0.4660 
  17   Cl1       15.3090        4.1780        1.1650 
   6   C14       15.6020        2.2680       -0.7660 
   6   C15       15.3590       -0.6710       -1.5580 
   6   C16       14.8190       -4.5910       -1.5370 
   6   C17       16.1990       -5.2610       -1.5320 
   6   C18       15.9160       -6.7440       -1.7750 
   6   C19       14.5200       -7.0040       -1.1990 
   6   C20       13.9600       -5.6350       -0.7930 
   6   C21       13.2680       -2.7200       -0.8250 
   8    O1       12.3710       -2.6830       -1.6740 
   1    H1       11.7130       -0.9110        1.0000 
   1    H2       10.9700       -2.4710        0.6460 
   1    H3       11.7670       -2.2190        2.1980 
   1    H4       13.7670       -2.0580        3.1560 
   1    H5       16.2090       -3.0730        0.6190 
   1    H6       16.0310       -3.3900       -3.5470 
   1    H7       16.9450       -1.6510       -4.9560 
   1    H8       16.7180        0.7190       -4.3520 
   1    H9       15.3100        2.4110       -4.1570 
   1   H10       14.8050        4.7700       -3.6260 
   1   H11       14.7670        5.5420       -1.2680 
   1   H12       15.8210        1.5920        0.0440 
   1   H13       14.9090       -0.3860       -0.6190 
   1   H14       14.4540       -4.6000       -2.5660 
   1   H15       16.8690       -4.8720       -2.2910 
   1   H16       16.6840       -5.1340       -0.5620 
   1   H17       15.9010       -6.9410       -2.8480 
   1   H18       16.6780       -7.3840       -1.3290 
   1   H19       13.8880       -7.4730       -1.9550 
   1   H20       14.5570       -7.6810       -0.3440 
   1   H21       14.0660       -5.5160        0.2870 
   1   H22       12.8980       -5.5580       -1.0320 
   1   H23       15.4200       -2.4950        2.8760 

