Run semi-empirical minimization
 &qmmm
    qm_theory='AM1', grms_tol=0.0005,
 scfconv=1.d-10, ndiis_attempts=700,   qmcharge=1,
 /
   6    C1       11.6960       -2.2640        1.2650 
   7    N1       13.0210       -2.5150        0.6890 
   6    C2       14.1990       -2.5220        1.3340 
   7    N2       14.3750       -2.3540        2.6480 
   7    N3       15.2240       -2.7250        0.5040 
   6    C3       14.7660       -3.0190       -0.8500 
   6    C4       15.3110       -1.9900       -1.8760 
   6    C5       15.6770       -2.3430       -3.1990 
   6    C6       16.1750       -1.3670       -4.0760 
   6    C7       16.1930       -0.0120       -3.7020 
   6    C8       15.7280        0.4000       -2.4340 
   6    C9       15.5350        1.8410       -2.1140 
   6   C10       15.2020        2.7620       -3.1390 
   6   C11       14.8790        4.1030       -2.8500 
   6   C12       14.8910        4.5600       -1.5220 
   6   C13       15.2550        3.6780       -0.4910 
  17   Cl1       15.2850        4.2500        1.1370 
   6   C14       15.5760        2.3370       -0.7870 
   6   C15       15.3580       -0.6130       -1.5170 
   6   C16       15.0380       -4.5320       -1.0580 
   6   C17       16.1910       -4.9950       -1.7180 
   6   C18       16.4400       -6.3690       -1.8210 
   6   C19       15.5370       -7.2610       -1.2300 
   6   C20       14.4410       -6.7310       -0.5350 
   7    N4       14.2060       -5.4070       -0.4350 
   6   C21       13.2560       -2.7590       -0.6950 
   8    O1       12.3800       -2.7350       -1.5710 
   1    H1       11.6760       -2.5190        2.3230 
   1    H2       11.4470       -1.2120        1.1460 
   1    H3       10.9320       -2.8550        0.7590 
   1    H4       15.3190       -2.3800        3.0340 
   1    H5       16.2000       -2.8170        0.7850 
   1    H6       15.6010       -3.3570       -3.5740 
   1    H7       16.5120       -1.6640       -5.0570 
   1    H8       16.5310        0.7130       -4.4280 
   1    H9       15.1300        2.4290       -4.1640 
   1   H10       14.5890        4.7790       -3.6410 
   1   H11       14.6210        5.5820       -1.2920 
   1   H12       15.8350        1.6820        0.0280 
   1   H13       15.0130       -0.3140       -0.5390 
   1   H14       16.8850       -4.2980       -2.1490 
   1   H15       17.3210       -6.7180       -2.3300 
   1   H16       15.6890       -8.3290       -1.2780 
   1   H17       13.7480       -7.3830       -0.0240 
   1   H18       13.6330       -2.0830        3.2910 

