Run semi-empirical minimization
 &qmmm
    qm_theory='AM1', grms_tol=0.0005,
 scfconv=1.d-10, ndiis_attempts=700,   qmcharge=1,
 /
   6    C1       11.7110       -2.3100        1.2660 
   7    N1       13.0310       -2.6520        0.7230 
   6    C2       14.2010       -2.6280        1.3770 
   7    N2       14.3780       -2.3570        2.6730 
   7    N3       15.2220       -2.9200        0.5740 
   6    C3       14.7960       -3.2520       -0.7870 
   6    C4       15.1410       -4.7330       -1.0690 
   6    C5       16.3620       -5.2520       -0.5870 
   6    C6       16.7320       -6.5910       -0.7920 
   6    C7       15.8610       -7.4580       -1.4610 
   6    C8       14.6400       -6.9710       -1.9580 
   6    C9       14.2900       -5.6170       -1.7760 
   6   C10       15.3790       -2.2440       -1.7950 
   6   C11       15.9520       -2.6550       -3.0210 
   6   C12       16.4340       -1.6940       -3.9270 
   6   C13       16.3360       -0.3220       -3.6310 
   6   C14       15.7940        0.1250       -2.4070 
   6   C15       15.6710        1.5690       -2.0910 
   6   C16       15.3830        2.0350       -0.7900 
   6   C17       15.3530        3.4190       -0.5360 
   6   C18       15.5970        4.3050       -1.5950 
   7    N4       15.8280        3.8920       -2.8510 
   6   C19       15.8600        2.5640       -3.0760 
   6   C20       15.3330       -0.8570       -1.5010 
   6   C21       13.2770       -3.0090       -0.6370 
   8    O1       12.3980       -3.0670       -1.5060 
   1    H1       10.9190       -2.8650        0.7630 
   1    H2       11.6550       -2.5320        2.3310 
   1    H3       11.5240       -1.2460        1.1210 
   1    H4       15.3230       -2.3600        3.0600 
   1    H5       16.2010       -2.9160        0.8570 
   1    H6       17.0270       -4.6210       -0.0260 
   1    H7       17.6770       -6.9510       -0.4080 
   1    H8       16.1300       -8.4940       -1.5740 
   1    H9       13.9710       -7.6400       -2.4760 
   1   H10       13.3490       -5.2830       -2.1750 
   1   H11       16.0280       -3.7000       -3.2900 
   1   H12       16.8720       -2.0020       -4.8660 
   1   H13       16.6870        0.3860       -4.3650 
   1   H14       15.2240        1.3430        0.0220 
   1   H15       15.1720        3.8040        0.4550 
   1   H16       15.6060        5.3720       -1.4290 
   1   H17       16.0320        2.2850       -4.1010 
   1   H18       14.8920       -0.5360       -0.5700 
   1   H19       13.6380       -2.0620        3.3080 

