Run semi-empirical minimization
 &qmmm
    qm_theory='AM1', grms_tol=0.0005,
 scfconv=1.d-10, ndiis_attempts=700,   qmcharge=1,
 /
   6    C1       11.7860       -2.3270        1.0540 
   7    N1       13.1440       -2.5990        0.5660 
   6    C2       14.2730       -2.5330        1.2870 
   7    N2       14.3650       -2.2940        2.6000 
   7    N3       15.3470       -2.7620        0.5340 
   6    C3       15.0190       -3.0680       -0.8500 
   6    C4       15.5630       -1.9950       -1.8100 
   6    C5       16.1890       -2.3500       -3.0280 
   6    C6       16.6160       -1.3550       -3.9200 
   6    C7       16.4010        0.0020       -3.6210 
   6    C8       15.8080        0.4000       -2.4040 
   6    C9       15.5590        1.8330       -2.1090 
   6   C10       15.2650        2.7460       -3.1490 
   6   C11       14.9440        4.0910       -2.8730 
   6   C12       14.9240        4.5520       -1.5460 
   6   C13       15.2490        3.6730       -0.5010 
  17   Cl1       15.2430        4.2510        1.1250 
   6   C14       15.5650        2.3290       -0.7840 
   6   C15       15.4120       -0.6170       -1.5040 
   6   C16       15.5900       -4.4690       -1.1330 
   6   C17       15.3460       -5.2330       -2.4200 
   6   C18       16.7350       -4.7540       -2.0800 
   6   C19       13.4810       -2.9580       -0.7770 
   8    O1       12.6570       -3.1080       -1.6840 
   1    H1       11.0290       -2.7770        0.4110 
   1    H2       11.6520       -2.7180        2.0620 
   1    H3       11.6180       -1.2510        1.0770 
   1    H4       13.5840       -2.0390        3.2010 
   1    H5       16.3100       -2.7540        0.8770 
   1    H6       16.3450       -3.3790       -3.3170 
   1    H7       17.0900       -1.6330       -4.8520 
   1    H8       16.6980        0.7400       -4.3490 
   1    H9       15.2370        2.4080       -4.1740 
   1   H10       14.6870        4.7670       -3.6750 
   1   H11       14.6580        5.5770       -1.3280 
   1   H12       15.8090        1.6730        0.0350 
   1   H13       14.9320       -0.3280       -0.5820 
   1   H14       15.5720       -5.0930       -0.2430 
   1   H15       15.1570       -6.3020       -2.3390 
   1   H16       14.8360       -4.7370       -3.2440 
   1   H17       17.1290       -3.9420       -2.6800 
   1   H18       17.4700       -5.4960       -1.7710 
   1   H19       15.2860       -2.2900        3.0400 

