Run semi-empirical minimization
 &qmmm
    qm_theory='AM1', grms_tol=0.0005,
 scfconv=1.d-10, ndiis_attempts=700,   qmcharge=1,
 /
   6    C1       11.6800       -2.2520        1.3710 
   7    N1       12.9870       -2.4650        0.7390 
   6    C2       14.1850       -2.5410        1.3430 
   7    N2       14.4090       -2.4160        2.6560 
   7    N3       15.1680       -2.7720        0.4650 
   6    C3       14.6500       -2.9660       -0.8910 
   6    C4       14.8480       -4.4550       -1.2490 
   6    C5       13.8640       -5.4580       -1.0220 
   6    C6       14.1120       -6.8050       -1.3510 
   6    C7       15.3440       -7.1710       -1.9160 
   6    C8       16.3460       -6.2030       -2.0970 
   6    C9       16.1030       -4.8700       -1.7350 
   6   C10       15.2190       -1.9230       -1.8830 
   6   C11       15.5980       -2.2560       -3.2070 
   6   C12       16.1190       -1.2730       -4.0620 
   6   C13       16.1730        0.0730       -3.6560 
   6   C14       15.7350        0.4620       -2.3710 
   6   C15       15.6380        1.8960       -1.9850 
   6   C16       15.6690        2.3240       -0.6450 
   6   C17       15.3940        3.6640       -0.3350 
   6   C18       15.0980        4.5440       -1.3840 
   6   C19       15.1360        4.0510       -2.6960 
   7    N4       15.4020        2.7640       -2.9930 
   6   C20       15.3180       -0.5640       -1.4870 
   6   C21       13.1640       -2.6430       -0.6620 
   8    O1       12.2500       -2.5950       -1.4960 
   1    H1       11.7440       -2.3620        2.4530 
   1    H2       11.3120       -1.2540        1.1300 
   1    H3       10.9550       -2.9810        1.0090 
   1    H4       15.3670       -2.4680        3.0040 
   1    H5       16.1550       -2.8600        0.7040 
   1    H6       12.9020       -5.2400       -0.5860 
   1    H7       13.3540       -7.5590       -1.1780 
   1    H8       15.5210       -8.1950       -2.1990 
   1    H9       17.3020       -6.4670       -2.5160 
   1   H10       16.8780       -4.1350       -1.8690 
   1   H11       15.5200       -3.2610       -3.5990 
   1   H12       16.4500       -1.5560       -5.0470 
   1   H13       16.5220        0.8210       -4.3560 
   1   H14       15.8680        1.6240        0.1450 
   1   H15       15.3940        4.0060        0.6890 
   1   H16       14.8560        5.5800       -1.1860 
   1   H17       14.9280        4.7140       -3.5250 
   1   H18       14.9880       -0.2830       -0.5000 
   1   H19       13.7000       -2.1130        3.3230 

