Run semi-empirical minimization
 &qmmm
    qm_theory='AM1', grms_tol=0.0005,
 scfconv=1.d-10, ndiis_attempts=700,   qmcharge=1,
 /
   6    C1       14.8880       -5.3200       -2.2410 
   6    C2       15.5150       -4.5190       -1.0880 
   6    C3       15.0250       -3.0580       -0.8410 
   6    C4       15.5970       -1.9890       -1.7960 
   6    C5       16.2810       -2.3330       -2.9860 
   6    C6       16.6930       -1.3360       -3.8830 
   6    C7       16.4370        0.0160       -3.6010 
   6    C8       15.8220        0.4090       -2.3950 
   6    C9       15.5580        1.8390       -2.1030 
   6   C10       15.2600        2.7490       -3.1450 
   6   C11       14.9360        4.0930       -2.8720 
   6   C12       14.9160        4.5580       -1.5460 
   6   C13       15.2420        3.6820       -0.4990 
  17   Cl1       15.2360        4.2630        1.1250 
   6   C14       15.5620        2.3370       -0.7790 
   6   C15       15.4200       -0.6110       -1.5010 
   7    N1       15.3480       -2.7410        0.5430 
   6   C16       14.2750       -2.5000        1.2920 
   7    N2       14.3660       -2.2680        2.6060 
   7    N3       13.1490       -2.5540        0.5670 
   6   C17       11.7910       -2.2620        1.0450 
   6   C18       13.4890       -2.9220       -0.7720 
   8    O1       12.6680       -3.0620       -1.6830 
   1    H1       14.9640       -4.8010       -3.1910 
   1    H2       15.3880       -6.2810       -2.3610 
   1    H3       13.8330       -5.5290       -2.0640 
   1    H4       16.5960       -4.5020       -1.2260 
   1    H5       15.3700       -5.1060       -0.1790 
   1    H6       16.5020       -3.3530       -3.2560 
   1    H7       17.1950       -1.6100       -4.8010 
   1    H8       16.7290        0.7570       -4.3280 
   1    H9       15.2340        2.4070       -4.1700 
   1   H10       14.6760        4.7670       -3.6760 
   1   H11       14.6490        5.5820       -1.3310 
   1   H12       15.8090        1.6830        0.0410 
   1   H13       14.9150       -0.3230       -0.5920 
   1   H14       16.3100       -2.7380        0.8910 
   1   H15       13.5850       -2.0120        3.2060 
   1   H16       11.6540       -2.6250        2.0630 
   1   H17       11.6290       -1.1850        1.0380 
   1   H18       11.0340       -2.7260        0.4120 
   1   H19       15.2860       -2.2730        3.0470 

