Run semi-empirical minimization
 &qmmm
    qm_theory='AM1', grms_tol=0.0005,
 scfconv=1.d-10, ndiis_attempts=700,   qmcharge=1,
 /
   6    C1       11.7750       -2.0500        1.1860 
   7    N1       13.0810       -2.4050        0.6210 
   6    C2       14.2520       -2.5120        1.2700 
   7    N2       14.4440       -2.3220        2.5810 
   7    N3       15.2420       -2.8670        0.4440 
   6    C3       14.7740       -3.0860       -0.9270 
   6    C4       14.9000       -4.5950       -1.2710 
   6    C5       16.0470       -5.1640       -1.8460 
   7    N4       16.1700       -6.4830       -2.0820 
   6    C6       15.1540       -7.2490       -1.7240 
   7    N5       14.0440       -6.8480       -1.1290 
   6    C7       13.9100       -5.5340       -0.9210 
   6    C8       15.3790       -2.0450       -1.9000 
   6    C9       15.8320       -2.3840       -3.1970 
   6   C10       16.3420       -1.3950       -4.0510 
   6   C11       16.3040       -0.0420       -3.6750 
   6   C12       15.7980        0.3540       -2.4200 
   6   C13       15.5970        1.7920       -2.0980 
   6   C14       15.2950        2.7190       -3.1260 
   6   C15       14.9740        4.0600       -2.8370 
   6   C16       14.9640        4.5100       -1.5060 
   6   C17       15.3030        3.6220       -0.4730 
  17   Cl1       15.3090        4.1910        1.1560 
   6   C18       15.6160        2.2790       -0.7690 
   6   C19       15.4020       -0.6710       -1.5260 
   6   C20       13.2880       -2.7180       -0.7540 
   8    O1       12.3960       -2.7760       -1.6050 
   1    H1       10.9780       -2.6470        0.7440 
   1    H2       11.7570       -2.2170        2.2630 
   1    H3       11.5610       -1.0000        0.9840 
   1    H4       15.3900       -2.3980        2.9630 
   1    H5       16.2250       -2.9100        0.7180 
   1    H6       16.8880       -4.5570       -2.1240 
   1    H7       15.2630       -8.3090       -1.8720 
   1    H8       12.9970       -5.2630       -0.4150 
   1    H9       15.7950       -3.3850       -3.5940 
   1   H10       16.7240       -1.6740       -5.0220 
   1   H11       16.6360        0.6970       -4.3900 
   1   H12       15.2470        2.3930       -4.1560 
   1   H13       14.7000        4.7390       -3.6310 
   1   H14       14.6920        5.5290       -1.2780 
   1   H15       15.8570        1.6170        0.0450 
   1   H16       15.0170       -0.3790       -0.5610 
   1   H17       13.7270       -2.0000        3.2310 

