Run semi-empirical minimization
 &qmmm
    qm_theory='AM1', grms_tol=0.0005,
 scfconv=1.d-10, ndiis_attempts=700,   qmcharge=1,
 /
   6    C1       11.7400       -2.2130        1.2310 
   7    N1       13.0680       -2.5560        0.7090 
   6    C2       14.2260       -2.5680        1.3850 
   7    N2       14.3830       -2.3340        2.6890 
   7    N3       15.2560       -2.8610        0.5930 
   6    C3       14.8530       -3.1590       -0.7800 
   6    C4       15.1440       -4.6470       -1.0920 
   6    C5       14.2640       -5.4800       -1.8170 
   6    C6       14.5650       -6.8430       -1.9700 
   6    C7       15.7570       -7.3360       -1.4320 
   7    N4       16.6210       -6.5580       -0.7670 
   6    C8       16.3170       -5.2550       -0.6050 
   6    C9       15.4650       -2.1400       -1.7600 
   6   C10       16.0950       -2.5440       -2.9590 
   6   C11       16.5720       -1.5780       -3.8630 
   6   C12       16.4070       -0.2070       -3.5900 
   6   C13       15.8150        0.2380       -2.3890 
   6   C14       15.6040        1.6830       -2.1190 
   6   C15       15.3470        2.5920       -3.1730 
   6   C16       15.0380        3.9440       -2.9130 
   6   C17       15.0070        4.4210       -1.5930 
   6   C18       15.3050        3.5500       -0.5350 
  17   Cl1       15.2910        4.1520        1.0820 
   6   C19       15.6000        2.1970       -0.7990 
   6   C20       15.3710       -0.7500       -1.4800 
   6   C21       13.3360       -2.8870       -0.6510 
   8    O1       12.4750       -2.9290       -1.5360 
   1    H1       11.5520       -1.1510        1.0730 
   1    H2       10.9570       -2.7750        0.7220 
   1    H3       11.6700       -2.4250        2.2970 
   1    H4       15.3230       -2.3540        3.0890 
   1    H5       16.2330       -2.8540        0.8930 
   1    H6       13.3410       -5.1090       -2.2190 
   1    H7       13.8940       -7.5090       -2.4900 
   1    H8       16.0230       -8.3770       -1.5220 
   1    H9       17.0110       -4.6880       -0.0140 
   1   H10       16.2120       -3.5880       -3.2170 
   1   H11       17.0460       -1.8830       -4.7860 
   1   H12       16.7360        0.5090       -4.3260 
   1   H13       15.3300        2.2450       -4.1960 
   1   H14       14.7900        4.6180       -3.7190 
   1   H15       14.7490        5.4510       -1.3900 
   1   H16       15.8200        1.5470        0.0300 
   1   H17       14.8910       -0.4240       -0.5700 
   1   H18       13.6380       -2.0380        3.3180 

