Run semi-empirical minimization
 &qmmm
    qm_theory='AM1', grms_tol=0.0005,
 scfconv=1.d-10, ndiis_attempts=700,   qmcharge=1,
 /
   6    C1       11.7980       -2.3990        1.0870 
   7    N1       13.1440       -2.7110        0.5890 
   6    C2       14.2830       -2.6380        1.2930 
   7    N2       14.3930       -2.3410        2.5940 
   7    N3       15.3440       -2.9150        0.5360 
   6    C3       14.9930       -3.2410       -0.8410 
   6    C4       15.5290       -2.1820       -1.8230 
   6    C5       16.1090       -2.5500       -3.0600 
   6    C6       16.5420       -1.5650       -3.9600 
   6    C7       16.3800       -0.2050       -3.6510 
   6    C8       15.8270        0.2070       -2.4200 
   6    C9       15.6420        1.6450       -2.1090 
   6   C10       15.4600        2.6160       -3.1210 
   7    N4       15.2270        3.9240       -2.8890 
   6   C11       15.1700        4.3400       -1.6090 
   6   C12       15.3730        3.4810       -0.5180 
   9    F1       15.3300        3.9440        0.7540 
   6   C13       15.6170        2.1230       -0.7820 
   6   C14       15.4210       -0.8010       -1.5130 
   6   C15       15.5510       -4.6480       -1.1200 
   6   C16       14.9110       -5.9230       -0.6060 
   6   C17       14.9370       -5.6380       -2.0870 
   6   C18       13.4570       -3.1150       -0.7470 
   8    O1       12.6180       -3.2760       -1.6390 
   1    H1       11.6580       -2.7980        2.0920 
   1    H2       11.6670       -1.3180        1.1260 
   1    H3       11.0220       -2.8150        0.4440 
   1    H4       13.6190       -2.0640        3.1940 
   1    H5       16.3120       -2.8860        0.8620 
   1    H6       16.2270       -3.5830       -3.3540 
   1    H7       16.9850       -1.8490       -4.9040 
   1    H8       16.6900        0.5210       -4.3860 
   1    H9       15.4610        2.3330       -4.1630 
   1   H10       14.9600        5.3880       -1.4510 
   1   H11       15.7910        1.4550        0.0430 
   1   H12       14.9730       -0.5100       -0.5740 
   1   H13       16.6380       -4.6590       -1.0910 
   1   H14       15.5750       -6.7040       -0.2410 
   1   H15       13.9460       -5.8680       -0.1050 
   1   H16       13.9880       -5.3930       -2.5520 
   1   H17       15.6150       -6.2210       -2.7070 
   1   H18       15.3190       -2.3300        3.0220 

