Run semi-empirical minimization
 &qmmm
    qm_theory='AM1', grms_tol=0.0005,
 scfconv=1.d-10, ndiis_attempts=700,   qmcharge=1,
 /
   6    C1       11.7090       -2.3260        1.2760 
   7    N1       13.0270       -2.6680        0.7260 
   6    C2       14.2000       -2.6360        1.3740 
   7    N2       14.3830       -2.3570        2.6670 
   7    N3       15.2170       -2.9290        0.5650 
   6    C3       14.7840       -3.2710       -0.7920 
   6    C4       15.1330       -4.7530       -1.0670 
   6    C5       14.2840       -5.6420       -1.7690 
   6    C6       14.6390       -6.9950       -1.9480 
   6    C7       15.8630       -7.4750       -1.4530 
   6    C8       16.7340       -6.6010       -0.7900 
   6    C9       16.3580       -5.2630       -0.5890 
   6   C10       15.3570       -2.2700       -1.8110 
   6   C11       15.9120       -2.6870       -3.0440 
   6   C12       16.3920       -1.7310       -3.9570 
   6   C13       16.3150       -0.3580       -3.6590 
   6   C14       15.7900        0.0950       -2.4310 
   6   C15       15.7050        1.5400       -2.1090 
   6   C16       15.6970        1.9910       -0.7740 
   6   C17       15.5590        3.3570       -0.4900 
   7    N4       15.4370        4.2920       -1.4440 
   6   C18       15.4670        3.8810       -2.7240 
   6   C19       15.5980        2.5330       -3.1040 
   6   C20       15.3230       -0.8820       -1.5220 
   6   C21       13.2650       -3.0330       -0.6330 
   8    O1       12.3820       -3.0980       -1.4960 
   1    H1       11.5210       -1.2620        1.1330 
   1    H2       10.9140       -2.8800        0.7770 
   1    H3       11.6580       -2.5490        2.3410 
   1    H4       15.3290       -2.3610        3.0510 
   1    H5       16.1980       -2.9240        0.8450 
   1    H6       13.3390       -5.3140       -2.1640 
   1    H7       13.9700       -7.6690       -2.4610 
   1    H8       16.1380       -8.5090       -1.5610 
   1    H9       17.6820       -6.9560       -0.4100 
   1   H10       17.0250       -4.6270       -0.0350 
   1   H11       15.9760       -3.7330       -3.3120 
   1   H12       16.8180       -2.0430       -4.9000 
   1   H13       16.6700        0.3520       -4.3890 
   1   H14       15.8060        1.3010        0.0420 
   1   H15       15.5470        3.7070        0.5320 
   1   H16       15.3630        4.6610       -3.4620 
   1   H17       15.5840        2.2730       -4.1520 
   1   H18       14.8940       -0.5490       -0.5890 
   1   H19       13.6450       -2.0630        3.3050 

