Run semi-empirical minimization
 &qmmm
    qm_theory='AM1', grms_tol=0.0005,
 scfconv=1.d-10, ndiis_attempts=700,   qmcharge=1,
 /
   6    C1       15.3150        5.5060        2.8950 
   6    C2       15.2760        4.6940        1.6710 
   6    C3       15.2920        4.0720        0.6200 
   6    C4       15.3510        3.4490       -0.6910 
   6    C5       15.1650        4.2390       -1.8340 
   7    N1       15.2380        3.7480       -3.0810 
   6    C6       15.4740        2.4310       -3.2310 
   6    C7       15.6500        1.5170       -2.1650 
   6    C8       15.8250        0.0640       -2.4270 
   6    C9       16.3450       -0.3780       -3.6610 
   6   C10       16.4140       -1.7400       -3.9780 
   6   C11       15.9410       -2.7040       -3.0750 
   6   C12       15.4460       -2.3240       -1.8040 
   6   C13       14.8510       -3.3200       -0.7680 
   6   C14       15.0820       -4.8500       -0.8610 
   6   C15       14.8180       -5.7100       -2.0750 
   6   C16       16.2250       -5.5700       -1.5440 
   7    N2       15.2670       -2.9520        0.5810 
   6   C17       14.2390       -2.5910        1.3480 
   7    N3       14.3970       -2.2860        2.6390 
   7    N4       13.0820       -2.6030        0.6690 
   6   C18       11.7630       -2.2010        1.1740 
   6   C19       13.3390       -3.0540       -0.6600 
   8    O1       12.4760       -3.1860       -1.5340 
   6   C20       15.4220       -0.9300       -1.5000 
   6   C21       15.6010        2.0710       -0.8640 
   1    H1       14.7230        6.4090        2.7700 
   1    H2       14.9100        4.9400        3.7300 
   1    H3       16.3440        5.7820        3.1250 
   1    H4       14.9640        5.2980       -1.7520 
   1    H5       15.4800        2.0980       -4.2570 
   1    H6       16.6790        0.3260       -4.4060 
   1    H7       16.8080       -2.0380       -4.9390 
   1    H8       15.9690       -3.7190       -3.4240 
   1    H9       14.7740       -5.3360        0.0640 
   1   H10       14.3150       -6.6620       -1.9190 
   1   H11       14.5670       -5.2130       -3.0010 
   1   H12       16.9320       -5.0170       -2.1450 
   1   H13       16.6530       -6.4220       -1.0200 
   1   H14       16.2430       -2.9600        0.8790 
   1   H15       13.6500       -1.9780        3.2590 
   1   H16       10.9580       -2.6950        0.6300 
   1   H17       11.6590       -2.4480        2.2310 
   1   H18       11.6440       -1.1250        1.0540 
   1   H19       15.0150       -0.6040       -0.5540 
   1   H20       15.7570        1.4440       -0.0040 
   1   H21       15.3340       -2.3090        3.0440 

