Run semi-empirical minimization
 &qmmm
    qm_theory='AM1', grms_tol=0.0005,
 scfconv=1.d-10, ndiis_attempts=700,   qmcharge=1,
 /
   6    C1       14.8900        4.8690        1.3570 
   8    O1       15.4910        3.6590        0.9340 
   6    C2       15.4560        3.3610       -0.4090 
   6    C3       15.2030        4.3050       -1.4280 
   6    C4       15.2290        3.9020       -2.7750 
   6    C5       15.4670        2.5540       -3.1150 
   6    C6       15.6670        1.5800       -2.1110 
   6    C7       15.7990        0.1370       -2.4300 
   6    C8       16.3440       -0.3090       -3.6510 
   6    C9       16.4510       -1.6810       -3.9430 
   6   C10       15.9730       -2.6430       -3.0350 
   6   C11       15.3930       -2.2320       -1.8120 
   6   C12       14.8070       -3.2360       -0.8030 
   6   C13       15.1480       -4.7200       -1.0800 
   6   C14       16.3640       -5.2430       -0.5910 
   6   C15       16.7310       -6.5830       -0.7930 
   6   C16       15.8590       -7.4490       -1.4650 
   6   C17       14.6430       -6.9570       -1.9660 
   6   C18       14.2970       -5.6020       -1.7880 
   7    N1       15.2300       -2.9020        0.5590 
   6   C19       14.2090       -2.6080        1.3610 
   7    N2       14.3830       -2.3400        2.6580 
   7    N3       13.0410       -2.6280        0.7040 
   6   C20       11.7210       -2.2790        1.2430 
   6   C21       13.2870       -2.9900       -0.6540 
   8    O2       12.4090       -3.0490       -1.5240 
   6   C22       15.3380       -0.8450       -1.5240 
   6   C23       15.6870        2.0220       -0.7700 
   1    H1       14.8790        4.9110        2.4460 
   1    H2       15.4280        5.7410        0.9980 
   1    H3       13.8630        4.9310        1.0040 
   1    H4       15.0040        5.3420       -1.2030 
   1    H5       15.0420        4.6340       -3.5450 
   1    H6       15.4460        2.2650       -4.1550 
   1    H7       16.6910        0.4070       -4.3800 
   1    H8       16.8950       -1.9890       -4.8800 
   1    H9       16.0550       -3.6880       -3.3000 
   1   H10       17.0280       -4.6140       -0.0260 
   1   H11       17.6720       -6.9470       -0.4050 
   1   H12       16.1250       -8.4850       -1.5760 
   1   H13       13.9730       -7.6250       -2.4860 
   1   H14       13.3590       -5.2650       -2.1900 
   1   H15       16.2090       -2.9000        0.8450 
   1   H16       13.6430       -2.0450        3.2920 
   1   H17       10.9260       -2.8240        0.7340 
   1   H18       11.6590       -2.5070        2.3070 
   1   H19       11.5440       -1.2130        1.1040 
   1   H20       14.8870       -0.5180       -0.5990 
   1   H21       15.8630        1.3170        0.0230 
   1   H22       15.3280       -2.3480        3.0470 

