Run semi-empirical minimization
 &qmmm
    qm_theory='AM1', grms_tol=0.0005,
 scfconv=1.d-10, ndiis_attempts=700,   qmcharge=1,
 /
   6    C1       11.7980       -2.3770        1.0760 
   7    N1       13.1460       -2.6840        0.5800 
   6    C2       14.2820       -2.6160        1.2890 
   7    N2       14.3880       -2.3330        2.5930 
   7    N3       15.3450       -2.8870        0.5330 
   6    C3       15.0000       -3.2010       -0.8470 
   6    C4       15.5360       -2.1320       -1.8180 
   6    C5       16.1100       -2.4880       -3.0610 
   6    C6       16.5410       -1.4920       -3.9510 
   6    C7       16.3830       -0.1350       -3.6260 
   6    C8       15.8370        0.2630       -2.3870 
   6    C9       15.6540        1.6970       -2.0540 
   6   C10       15.2130        2.1200       -0.7820 
   6   C11       15.1200        3.4930       -0.4930 
   6   C12       15.4610        4.4150       -1.4940 
   7    N4       15.8430        4.0420       -2.7280 
   6   C13       15.9330        2.7220       -2.9850 
   6   C14       15.4330       -0.7560       -1.4910 
   6   C15       15.5630       -4.6030       -1.1360 
   6   C16       14.9340       -5.8830       -0.6200 
   6   C17       14.9470       -5.5940       -2.1010 
   6   C18       13.4640       -3.0780       -0.7580 
   8    O1       12.6270       -3.2370       -1.6520 
   1    H1       11.6620       -1.2960        1.1110 
   1    H2       11.0250       -2.7980        0.4320 
   1    H3       11.6580       -2.7730        2.0820 
   1    H4       13.6130       -2.0580        3.1930 
   1    H5       16.3120       -2.8620        0.8620 
   1    H6       16.2240       -3.5180       -3.3680 
   1    H7       16.9790       -1.7690       -4.9000 
   1    H8       16.6910        0.6000       -4.3530 
   1    H9       14.9810        1.4010       -0.0100 
   1   H10       14.8170        3.8390        0.4830 
   1   H11       15.4210        5.4770       -1.3020 
   1   H12       16.2300        2.4770       -3.9890 
   1   H13       14.9900       -0.4730       -0.5470 
   1   H14       16.6500       -4.6080       -1.1160 
   1   H15       13.9730       -5.8330       -0.1110 
   1   H16       15.6050       -6.6610       -0.2610 
   1   H17       13.9930       -5.3550       -2.5560 
   1   H18       15.6240       -6.1730       -2.7270 
   1   H19       15.3130       -2.3240        3.0230 

