Run semi-empirical minimization
 &qmmm
    qm_theory='AM1', grms_tol=0.0005,
 scfconv=1.d-10, ndiis_attempts=700,   qmcharge=1,
 /
   6    C1       11.7850       -2.3450        1.0630 
   7    N1       13.1440       -2.6060        0.5700 
   6    C2       14.2740       -2.5300        1.2880 
   7    N2       14.3690       -2.2900        2.6000 
   7    N3       15.3480       -2.7490        0.5310 
   6    C3       15.0180       -3.0660       -0.8500 
   6    C4       15.5550       -1.9960       -1.8190 
   6    C5       16.2100       -2.3560       -3.0210 
   6    C6       16.6300       -1.3670       -3.9220 
   6    C7       16.3790       -0.0110       -3.6500 
   6    C8       15.7540        0.3920       -2.4510 
   6    C9       15.4600        1.8220       -2.1920 
   6   C10       15.1110        2.6870       -3.2560 
   6   C11       14.7530        4.0290       -3.0230 
   6   C12       14.7530        4.5400       -1.7150 
   6   C13       15.1250        3.7080       -0.6440 
   6   C14       15.1350        4.2480        0.7040 
   7    N4       15.1440        4.6820        1.7760 
   6   C15       15.4760        2.3610       -0.8840 
   6   C16       15.3690       -0.6170       -1.5380 
   6   C17       15.5920       -4.4670       -1.1260 
   6   C18       14.9500       -5.7530       -0.6410 
   6   C19       15.0110       -5.4510       -2.1180 
   6   C20       13.4790       -2.9640       -0.7730 
   8    O1       12.6530       -3.1190       -1.6780 
   1    H1       11.6560       -2.7470        2.0690 
   1    H2       11.6120       -1.2700        1.0970 
   1    H3       11.0290       -2.7930        0.4170 
   1    H4       13.5880       -2.0400        3.2030 
   1    H5       16.3110       -2.7410        0.8720 
   1    H6       16.3940       -3.3860       -3.2910 
   1    H7       17.1250       -1.6500       -4.8420 
   1    H8       16.6710        0.7240       -4.3840 
   1    H9       15.0740        2.3090       -4.2680 
   1   H10       14.4550        4.6660       -3.8430 
   1   H11       14.4630        5.5670       -1.5360 
   1   H12       15.7580        1.7340       -0.0520 
   1   H13       14.8680       -0.3210       -0.6280 
   1   H14       16.6770       -4.4710       -1.0660 
   1   H15       15.6120       -6.5320       -0.2670 
   1   H16       13.9720       -5.7130       -0.1650 
   1   H17       14.0740       -5.2080       -2.6030 
   1   H18       15.7100       -6.0220       -2.7270 
   1   H19       15.2900       -2.2840        3.0380 

