Run semi-empirical minimization
 &qmmm
    qm_theory='AM1', grms_tol=0.0005,
 scfconv=1.d-10, ndiis_attempts=700,   qmcharge=1,
 /
   6    C1       11.6950       -2.1440        1.3060 
   7    N1       13.0020       -2.3990        0.7000 
   6    C2       14.1920       -2.4860        1.3200 
   7    N2       14.4010       -2.3560        2.6350 
   7    N3       15.1810       -2.7370        0.4600 
   6    C3       14.6760       -2.9530       -0.8940 
   6    C4       14.8450       -4.4630       -1.1960 
   6    C5       16.0870       -4.9310       -1.6680 
   6    C6       16.3080       -6.2910       -1.9320 
   6    C7       15.3010       -7.2310       -1.6610 
   6    C8       14.0790       -6.8050       -1.1180 
   6    C9       13.8520       -5.4360       -0.8930 
   6   C10       15.2710       -1.9270       -1.8910 
   6   C11       15.7220       -2.2890       -3.1820 
   6   C12       16.2630       -1.3220       -4.0410 
   6   C13       16.2450        0.0370       -3.6850 
   6   C14       15.7220        0.4600       -2.4440 
   6   C15       15.5140        1.8980       -2.1460 
   6   C16       15.2250        2.8240       -3.1770 
   7    N4       14.9110        4.1190       -2.9750 
   6   C17       14.8690        4.5740       -1.7080 
   6   C18       15.1720        3.7660       -0.6030 
   6   C19       15.1260        4.3200        0.7380 
   7    N5       15.0920        4.7630        1.8040 
   6   C20       15.5070        2.4170       -0.8300 
   6   C21       15.3080       -0.5490       -1.5400 
   6   C22       13.1930       -2.6020       -0.6950 
   8    O1       12.2930       -2.5480       -1.5430 
   1    H1       11.3750       -1.1310        1.0630 
   1    H2       10.9510       -2.8410        0.9210 
   1    H3       11.7360       -2.2650        2.3860 
   1    H4       15.3520       -2.4190        2.9990 
   1    H5       16.1640       -2.8380        0.7120 
   1    H6       16.8740       -4.2220       -1.8420 
   1    H7       17.2610       -6.6010       -2.3270 
   1    H8       15.4670       -8.2800       -1.8380 
   1    H9       13.3210       -7.5360       -0.8630 
   1   H10       12.9020       -5.1790       -0.4580 
   1   H11       15.6770       -3.3050       -3.5440 
   1   H12       16.6580       -1.6220       -5.0020 
   1   H13       16.6030        0.7570       -4.4050 
   1   H14       15.1800        2.5040       -4.2050 
   1   H15       14.5910        5.6110       -1.5790 
   1   H16       15.7420        1.7790        0.0070 
   1   H17       14.9210       -0.2490       -0.5790 
   1   H18       13.6860       -2.0580        3.2950 

