Run semi-empirical minimization
 &qmmm
    qm_theory='AM1', grms_tol=0.0005,
 scfconv=1.d-10, ndiis_attempts=700,   qmcharge=1,
 /
   6    C1       11.6820       -2.1710        1.3300 
   7    N1       12.9760       -2.4300        0.6900 
   6    C2       14.1860       -2.5030        1.2740 
   7    N2       14.4360       -2.3450        2.5800 
   7    N3       15.1500       -2.7840        0.3900 
   6    C3       14.6010       -2.9820       -0.9570 
   6    C4       15.1280       -1.9200       -1.9460 
   6    C5       15.4910       -2.2560       -3.2690 
   6    C6       16.0030       -1.2810       -4.1320 
   6    C7       16.0560        0.0660       -3.7340 
   6    C8       15.6100        0.4650       -2.4550 
   6    C9       15.4770        1.9020       -2.1040 
   6   C10       15.1740        2.8580       -3.1040 
   6   C11       14.9080        4.2030       -2.7790 
   6   C12       14.9470        4.6240       -1.4410 
   6   C13       15.2840        3.7050       -0.4340 
  17   Cl1       15.3410        4.2340        1.2070 
   6   C14       15.5530        2.3610       -0.7660 
   6   C15       15.2060       -0.5550       -1.5580 
   6   C16       14.7890       -4.4800       -1.3900 
   6   C17       16.2630       -4.8720       -1.6060 
   6   C18       16.3890       -6.2770       -2.2010 
   6   C19       15.8130       -7.3000       -1.2240 
   6   C20       14.3460       -6.9750       -0.9190 
   6   C21       14.1670       -5.5280       -0.4190 
   6   C22       13.1180       -2.6880       -0.7030 
   8    O1       12.1860       -2.7190       -1.5140 
   1    H1       11.3560       -1.1590        1.0940 
   1    H2       10.9230       -2.8630        0.9660 
   1    H3       11.7460       -2.2840        2.4100 
   1    H4       13.7420       -2.0410        3.2610 
   1    H5       16.1420       -2.8460        0.6120 
   1    H6       15.4230       -3.2620       -3.6540 
   1    H7       16.3340       -1.5770       -5.1140 
   1    H8       16.4160        0.7930       -4.4470 
   1    H9       15.0830        2.5510       -4.1350 
   1   H10       14.6440        4.9090       -3.5550 
   1   H11       14.7210        5.6480       -1.1820 
   1   H12       15.7990        1.6740        0.0260 
   1   H13       14.8760       -0.2710       -0.5720 
   1   H14       14.2660       -4.6100       -2.3390 
   1   H15       16.7770       -4.1760       -2.2560 
   1   H16       16.7870       -4.8370       -0.6500 
   1   H17       17.4340       -6.5020       -2.4010 
   1   H18       15.8710       -6.3310       -3.1600 
   1   H19       15.9010       -8.3040       -1.6300 
   1   H20       16.4010       -7.2920       -0.3050 
   1   H21       13.7480       -7.1280       -1.8190 
   1   H22       13.9650       -7.6730       -0.1730 
   1   H23       14.6310       -5.4380        0.5640 
   1   H24       13.1010       -5.3580       -0.2720 
   1   H25       15.3990       -2.4100        2.9170 

