Run semi-empirical minimization
 &qmmm
    qm_theory='AM1', grms_tol=0.0005,
 scfconv=1.d-10, ndiis_attempts=700,   qmcharge=1,
 /
   6    C1       15.3110        5.3150        2.5950 
   6    C2       14.9700        5.0170        1.1350 
   8    O1       15.4870        3.7530        0.7560 
   6    C3       15.3580        3.3820       -0.5660 
   6    C4       14.9830        4.2580       -1.6140 
   6    C5       14.9090        3.7840       -2.9350 
   6    C6       15.1870        2.4350       -3.2240 
   6    C7       15.5190        1.5300       -2.1920 
   6    C8       15.7100        0.0900       -2.4690 
   6    C9       16.2930       -0.3590       -3.6710 
   6   C10       16.4450       -1.7320       -3.9340 
   6   C11       15.9770       -2.6890       -3.0150 
   6   C12       15.3670       -2.2720       -1.8080 
   6   C13       14.7940       -3.2740       -0.7900 
   6   C14       15.1450       -4.7550       -1.0650 
   6   C15       14.3020       -5.6420       -1.7780 
   6   C16       14.6610       -6.9930       -1.9600 
   6   C17       15.8810       -7.4750       -1.4580 
   6   C18       16.7450       -6.6040       -0.7850 
   6   C19       16.3660       -5.2670       -0.5790 
   7    N1       15.2240       -2.9270        0.5660 
   6   C20       14.2060       -2.6300        1.3710 
   7    N2       14.3870       -2.3470        2.6640 
   7    N3       13.0340       -2.6640        0.7230 
   6   C21       11.7160       -2.3160        1.2690 
   6   C22       13.2730       -3.0390       -0.6330 
   8    O2       12.3890       -3.1130       -1.4960 
   6   C23       15.2700       -0.8820       -1.5450 
   6   C24       15.6150        2.0340       -0.8760 
   1    H1       14.9230        6.2870        2.8970 
   1    H2       14.8800        4.5680        3.2560 
   1    H3       16.3870        5.3160        2.7610 
   1    H4       13.8920        5.0230        0.9900 
   1    H5       15.3900        5.8040        0.5180 
   1    H6       14.7480        5.2970       -1.4410 
   1    H7       14.6160        4.4610       -3.7230 
   1    H8       15.1000        2.0870       -4.2440 
   1    H9       16.6340        0.3560       -4.4040 
   1   H10       16.9150       -2.0430       -4.8560 
   1   H11       16.0920       -3.7360       -3.2600 
   1   H12       13.3610       -5.3120       -2.1810 
   1   H13       13.9960       -7.6660       -2.4820 
   1   H14       16.1580       -8.5080       -1.5700 
   1   H15       17.6910       -6.9580       -0.4010 
   1   H16       17.0280       -4.6320       -0.0190 
   1   H17       16.2050       -2.9150        0.8450 
   1   H18       13.6480       -2.0490        3.3000 
   1   H19       10.9190       -2.8650        0.7660 
   1   H20       11.6610       -2.5400        2.3330 
   1   H21       11.5360       -1.2500        1.1270 
   1   H22       14.8040       -0.5410       -0.6320 
   1   H23       15.8750        1.3710       -0.0680 
   1   H24       15.3330       -2.3470        3.0480 

