Run semi-empirical minimization
 &qmmm
    qm_theory='AM1', grms_tol=0.0005,
 scfconv=1.d-10, ndiis_attempts=700,   qmcharge=1,
 /
   6    C1       11.8130       -2.0990        1.0830 
   7    N1       13.1330       -2.4690        0.5570 
   6    C2       14.2850       -2.5310        1.2460 
   7    N2       14.4320       -2.3250        2.5610 
   7    N3       15.3130       -2.8530        0.4550 
   6    C3       14.9090       -3.0350       -0.9380 
   6    C4       15.1890       -4.4890       -1.3780 
   6    C5       15.5120       -1.9640       -1.8620 
   6    C6       16.1760       -2.3130       -3.0620 
   6    C7       16.6330       -1.3120       -3.9330 
   6    C8       16.4140        0.0420       -3.6290 
   6    C9       15.7990        0.4330       -2.4210 
   6   C10       15.5500        1.8630       -2.1170 
   6   C11       15.2540        2.7800       -3.1520 
   6   C12       14.9340        4.1240       -2.8690 
   6   C13       14.9160        4.5780       -1.5400 
   6   C14       15.2420        3.6930       -0.4990 
  17   Cl1       15.2370        4.2620        1.1300 
   6   C15       15.5570        2.3500       -0.7890 
   6   C16       15.3760       -0.5880       -1.5400 
   6   C17       13.3950       -2.8050       -0.8050 
   8    O1       12.5340       -2.8850       -1.6870 
   1    H1       11.6710       -1.0230        0.9800 
   1    H2       11.0130       -2.6020        0.5390 
   1    H3       11.7240       -2.3620        2.1370 
   1    H4       15.3680       -2.3770        2.9680 
   1    H5       16.2870       -2.8880        0.7610 
   1    H6       16.2600       -4.6770       -1.4690 
   1    H7       14.8010       -5.2070       -0.6550 
   1    H8       14.7220       -4.7160       -2.3380 
   1    H9       16.3360       -3.3390       -3.3590 
   1   H10       17.1290       -1.5870       -4.8530 
   1   H11       16.7240        0.7860       -4.3450 
   1   H12       15.2250        2.4440       -4.1780 
   1   H13       14.6760        4.8040       -3.6680 
   1   H14       14.6510        5.6010       -1.3160 
   1   H15       15.8010        1.6880        0.0250 
   1   H16       14.8780       -0.3030       -0.6250 
   1   H17       13.6880       -2.0200        3.1840 

