Run semi-empirical minimization
 &qmmm
    qm_theory='AM1', grms_tol=0.0005,
 scfconv=1.d-10, ndiis_attempts=700,   qmcharge=1,
 /
   6    C1       14.8880        4.7760        1.2260 
   8    O1       15.4960        3.5600        0.8390 
   6    C2       15.4240        3.2070       -0.4880 
   6    C3       15.1330        4.1080       -1.5370 
   6    C4       15.1100        3.6470       -2.8640 
   6    C5       15.3680        2.2910       -3.1540 
   6    C6       15.6270        1.3610       -2.1170 
   6    C7       15.8150       -0.0840       -2.3960 
   6    C8       16.3950       -0.4890       -3.6080 
   6    C9       16.5050       -1.8470       -3.9390 
   6   C10       16.0400       -2.8370       -3.0540 
   6   C11       15.4690       -2.4840       -1.8060 
   6   C12       14.8770       -3.4950       -0.7770 
   6   C13       15.0970       -5.0250       -0.8830 
   6   C14       14.8830       -5.8410       -2.1340 
   6   C15       16.2580       -5.7570       -1.5170 
   7    N1       15.2830       -3.1270        0.5770 
   6   C16       14.2460       -2.7940        1.3470 
   7    N2       14.3920       -2.4610        2.6340 
   7    N3       13.0880       -2.8500        0.6740 
   6   C17       11.7610       -2.5500        1.2230 
   6   C18       13.3580       -3.2550       -0.6670 
   8    O2       12.4980       -3.3910       -1.5420 
   6   C19       15.3880       -1.0930       -1.5000 
   6   C20       15.6600        1.8540       -0.7970 
   1    H1       14.9250        4.8680        2.3120 
   1    H2       15.3960        5.6330        0.7980 
   1    H3       13.8480        4.8040        0.9120 
   1    H4       14.9340        5.1530       -1.3550 
   1    H5       14.8810        4.3380       -3.6570 
   1    H6       15.3230        1.9590       -4.1830 
   1    H7       16.7450        0.2550       -4.3040 
   1    H8       16.9430       -2.1070       -4.8910 
   1    H9       16.1430       -3.8500       -3.3920 
   1   H10       14.7320       -5.5260        0.0160 
   1   H11       14.3440       -6.7810       -2.0390 
   1   H12       14.6920       -5.3030       -3.0520 
   1   H13       17.0100       -5.2040       -2.0610 
   1   H14       16.6260       -6.6390       -0.9950 
   1   H15       16.2620       -3.0820        0.8650 
   1   H16       13.6430       -2.1220        3.2360 
   1   H17       11.8060       -1.5720        1.6900 
   1   H18       11.4780       -3.2830        1.9790 
   1   H19       10.9880       -2.5220        0.4540 
   1   H20       14.9340       -0.7830       -0.5720 
   1   H21       15.8580        1.1780        0.0150 
   1   H22       15.3340       -2.4330        3.0260 

