Run semi-empirical minimization
 &qmmm
    qm_theory='AM1', grms_tol=0.0005,
 scfconv=1.d-10, ndiis_attempts=700,   qmcharge=1,
 /
   6    C1       11.7740       -2.0620        1.1340 
   7    N1       13.0790       -2.4520        0.5880 
   6    C2       14.2430       -2.5420        1.2540 
   7    N2       14.4170       -2.3500        2.5690 
   7    N3       15.2560       -2.8530        0.4410 
   6    C3       14.8080       -3.0850       -0.9330 
   6    C4       15.4270       -2.0580       -1.9130 
   6    C5       15.8990       -2.3990       -3.2010 
   6    C6       16.3930       -1.4090       -4.0610 
   6    C7       16.3360       -0.0550       -3.6930 
   6    C8       15.8310        0.3420       -2.4380 
   6    C9       15.6350        1.7780       -2.1100 
   6   C10       15.3650        2.7170       -3.1350 
   6   C11       15.0640        4.0610       -2.8390 
   6   C12       15.0420        4.5010       -1.5060 
   6   C13       15.3460        3.6010       -0.4750 
  17   Cl1       15.3400        4.1600        1.1570 
   6   C14       15.6380        2.2540       -0.7760 
   6   C15       15.4350       -0.6820       -1.5450 
   6   C16       14.8980       -4.5910       -1.1990 
   7    N4       14.0680       -5.4770       -0.6140 
   6   C17       14.3910       -6.8150       -0.8480 
   6   C18       15.5270       -6.9670       -1.5930 
  16    S1       16.2110       -5.4290       -2.0460 
   6   C19       13.3120       -2.7370       -0.7910 
   8    O1       12.4480       -2.6730       -1.6750 
   1    H1       10.9570       -2.5360        0.5850 
   1    H2       11.6870       -2.3480        2.1850 
   1    H3       11.6580       -0.9790        1.0520 
   1    H4       15.3580       -2.4090        2.9620 
   1    H5       16.2310       -2.9310        0.7290 
   1    H6       15.8830       -3.4030       -3.5910 
   1    H7       16.7790       -1.6900       -5.0300 
   1    H8       16.6580        0.6820       -4.4120 
   1    H9       15.3300        2.4000       -4.1670 
   1   H10       14.8190        4.7550       -3.6300 
   1   H11       14.7890        5.5260       -1.2730 
   1   H12       15.8550        1.5830        0.0370 
   1   H13       15.0400       -0.3910       -0.5830 
   1   H14       13.7690       -7.5960       -0.4290 
   1   H15       15.9900       -7.8910       -1.9000 
   1   H16       13.6840       -2.0470        3.2070 

