Run semi-empirical minimization
 &qmmm
    qm_theory='AM1', grms_tol=0.0005,
 scfconv=1.d-10, ndiis_attempts=700,   qmcharge=1,
 /
   6    C1       11.7110       -2.3110        1.2620 
   7    N1       13.0350       -2.6400        0.7180 
   6    C2       14.2040       -2.6170        1.3750 
   7    N2       14.3770       -2.3590        2.6740 
   7    N3       15.2270       -2.8950        0.5700 
   6    C3       14.8060       -3.2170       -0.7950 
   6    C4       15.1520       -4.6980       -1.0850 
   6    C5       14.3050       -5.5760       -1.8010 
   6    C6       14.6500       -6.9310       -1.9840 
   6    C7       15.8630       -7.4260       -1.4790 
   6    C8       16.7310       -6.5660       -0.7970 
   6    C9       16.3650       -5.2250       -0.5910 
   6   C10       15.3840       -2.1980       -1.7960 
   6   C11       15.9240       -2.5920       -3.0420 
   6   C12       16.3870       -1.6180       -3.9470 
   6   C13       16.3040       -0.2490       -3.6280 
   6   C14       15.8000        0.1820       -2.3820 
   6   C15       15.7080        1.6220       -2.0290 
   6   C16       15.7060        2.0790       -0.6860 
   7    N4       15.5290        3.3730       -0.3400 
   6   C17       15.3500        4.2350       -1.3630 
   6   C18       15.3870        3.8090       -2.7080 
   7    N5       15.5690        2.5100       -3.0470 
   6   C19       15.3590       -0.8150       -1.4790 
   6   C20       13.2850       -2.9800       -0.6450 
   8    O1       12.4100       -3.0280       -1.5170 
   1    H1       10.9250       -2.8720        0.7570 
   1    H2       11.6570       -2.5380        2.3260 
   1    H3       11.5140       -1.2490        1.1210 
   1    H4       15.3200       -2.3640        3.0630 
   1    H5       16.2050       -2.8990        0.8580 
   1    H6       13.3660       -5.2370       -2.2020 
   1    H7       13.9800       -7.5970       -2.5060 
   1    H8       16.1270       -8.4630       -1.5950 
   1    H9       17.6700       -6.9320       -0.4070 
   1   H10       17.0280       -4.6010       -0.0210 
   1   H11       15.9840       -3.6330       -3.3300 
   1   H12       16.7980       -1.9170       -4.9020 
   1   H13       16.6290        0.4810       -4.3550 
   1   H14       15.8530        1.3930        0.1280 
   1   H15       15.1810        5.2710       -1.1090 
   1   H16       15.2460        4.5230       -3.5030 
   1   H17       14.9460       -0.5020       -0.5320 
   1   H18       13.6340       -2.0710        3.3100 

