Run semi-empirical minimization
 &qmmm
    qm_theory='AM1', grms_tol=0.0005,
 scfconv=1.d-10, ndiis_attempts=700,   qmcharge=1,
 /
   6    C1       11.7680       -1.9960        1.1320 
   7    N1       13.0770       -2.4190        0.6250 
   6    C2       14.2290       -2.5040        1.3140 
   7    N2       14.3930       -2.2700        2.6190 
   7    N3       15.2450       -2.8860        0.5390 
   6    C3       14.8080       -3.1960       -0.8190 
   6    C4       15.4850       -2.1790       -1.7990 
   6    C5       16.1730       -2.5180       -2.9930 
   6    C6       16.6530       -1.5250       -3.8620 
   6    C7       16.4490       -0.1690       -3.5710 
   6    C8       15.8250        0.2330       -2.3770 
   6    C9       15.5950        1.6730       -2.0930 
   6   C10       15.3340        2.5860       -3.1440 
   6   C11       15.0300        3.9370       -2.8820 
   6   C12       15.0030        4.4100       -1.5610 
   6   C13       15.3020        3.5350       -0.5050 
  17   Cl1       15.3000        4.1390        1.1110 
   6   C14       15.5920        2.1810       -0.7730 
   6   C15       15.3790       -0.7860       -1.5000 
   6   C16       14.9140       -4.7630       -0.9860 
   6   C17       14.1550       -5.5340        0.1090 
   6   C18       14.8870       -5.4500       -2.3330 
   6   C19       16.1530       -5.4450       -1.5200 
   6   C20       13.3200       -2.8070       -0.7250 
   8    O1       12.4610       -2.8390       -1.6130 
   1    H1       11.6690       -2.2270        2.1920 
   1    H2       11.6580       -0.9210        0.9900 
   1    H3       10.9560       -2.4930        0.6020 
   1    H4       13.6580       -1.9500        3.2470 
   1    H5       16.2190       -2.9490        0.8390 
   1    H6       16.3610       -3.5210       -3.3230 
   1    H7       17.1600       -1.8030       -4.7760 
   1    H8       16.7780        0.5690       -4.2850 
   1    H9       15.3170        2.2430       -4.1690 
   1   H10       14.7870        4.6130       -3.6880 
   1   H11       14.7510        5.4410       -1.3550 
   1   H12       15.8180        1.5270        0.0510 
   1   H13       14.8800       -0.4710       -0.5960 
   1   H14       14.4410       -5.2250        1.1140 
   1   H15       13.0750       -5.4270       -0.0010 
   1   H16       14.3670       -6.6020        0.0390 
   1   H17       14.3560       -6.3970       -2.4160 
   1   H18       14.8220       -4.8300       -3.2130 
   1   H19       16.9650       -4.8200       -1.8430 
   1   H20       16.4620       -6.3800       -1.0570 
   1   H21       15.3290       -2.3340        3.0220 

