Run semi-empirical minimization
 &qmmm
    qm_theory='AM1', grms_tol=0.0005,
 scfconv=1.d-10, ndiis_attempts=700,   qmcharge=1,
 /
   6    C1       11.7510       -2.1050        1.1750 
   7    N1       13.0750       -2.4190        0.6270 
   6    C2       14.2390       -2.4820        1.2960 
   7    N2       14.4010       -2.3330        2.6150 
   7    N3       15.2680       -2.7180        0.4810 
   6    C3       14.8340       -2.9710       -0.8900 
   6    C4       15.4350       -1.9350       -1.8790 
   6    C5       15.9250       -2.2770       -3.1640 
   6    C6       16.4040       -1.2870       -4.0320 
   6    C7       16.3190        0.0690       -3.6780 
   6    C8       15.8040        0.4640       -2.4250 
   6    C9       15.5940        1.8950       -2.0970 
   6   C10       15.2920        2.8270       -3.1190 
   6   C11       14.9800        4.1680       -2.8200 
   6   C12       14.9710        4.6060       -1.4850 
   6   C13       15.3020        3.7100       -0.4570 
  17   Cl1       15.2990        4.2580        1.1790 
   6   C14       15.6140        2.3700       -0.7640 
   6   C15       15.4170       -0.5570       -1.5260 
   6   C16       15.0330       -4.4910       -1.1330 
   7    N4       14.1930       -5.3340       -0.5180 
   6   C17       14.3980       -6.6540       -0.6630 
   6   C18       15.4740       -7.1470       -1.4000 
   6   C19       16.3280       -6.1960       -1.9580 
   7    N5       16.1150       -4.8880       -1.7940 
   6   C20       13.3290       -2.6540       -0.7570 
   8    O1       12.4700       -2.5730       -1.6460 
   1    H1       10.9710       -2.6750        0.6660 
   1    H2       11.7000       -2.3380        2.2390 
   1    H3       11.5420       -1.0440        1.0340 
   1    H4       15.3410       -2.3800        3.0110 
   1    H5       16.2380       -2.8280        0.7730 
   1    H6       15.9510       -3.2890       -3.5360 
   1    H7       16.8060       -1.5770       -4.9910 
   1    H8       16.6350        0.8050       -4.4000 
   1    H9       15.2450        2.5050       -4.1480 
   1   H10       14.7180        4.8560       -3.6100 
   1   H11       14.7090        5.6280       -1.2480 
   1   H12       15.8540        1.7020        0.0460 
   1   H13       15.0130       -0.2650       -0.5700 
   1   H14       13.6950       -7.3190       -0.1840 
   1   H15       15.6330       -8.2070       -1.5230 
   1   H16       17.1960       -6.4810       -2.5300 
   1   H17       13.6600       -2.0570        3.2580 

