Run semi-empirical minimization
 &qmmm
    qm_theory='AM1', grms_tol=0.0005,
 scfconv=1.d-10, ndiis_attempts=700,   qmcharge=1,
 /
   6    C1       15.2930        4.2920        1.0150 
   6    C2       15.2620        3.7480       -0.4000 
   6    C3       14.9090        4.5740       -1.4750 
   7    N1       14.8940        4.1490       -2.7540 
   6    C4       15.2060        2.8610       -2.9970 
   6    C5       15.5300        1.9160       -2.0030 
   6    C6       15.7500        0.4840       -2.3450 
   6    C7       16.2880        0.1100       -3.5960 
   6    C8       16.4390       -1.2420       -3.9410 
   6    C9       15.9910       -2.2530       -3.0810 
   6   C10       15.4340       -1.9360       -1.8220 
   6   C11       14.8690       -2.9890       -0.8320 
   6   C12       15.1310       -4.5070       -0.9960 
   6   C13       14.8280       -5.2740       -2.2580 
   6   C14       16.2400       -5.2150       -1.7420 
   7    N2       15.2810       -2.6750        0.5320 
   6   C15       14.2360       -2.5140        1.3440 
   7    N3       14.3830       -2.3700        2.6650 
   7    N4       13.0740       -2.5550        0.6740 
   6   C16       11.7280       -2.4940        1.2590 
   6   C17       13.3510       -2.7950       -0.7030 
   8    O1       12.4940       -2.8960       -1.5870 
   6   C18       15.3610       -0.5580       -1.4660 
   6   C19       15.5840        2.4020       -0.6750 
   1    H1       14.4090        3.9660        1.5520 
   1    H2       16.1710        3.9460        1.5620 
   1    H3       15.3060        5.3820        1.0340 
   1    H4       14.6630        5.6160       -1.3150 
   1    H5       15.1110        2.5630       -4.0300 
   1    H6       16.5890        0.8520       -4.3190 
   1    H7       16.8750       -1.5230       -4.8870 
   1    H8       16.0870       -3.2510       -3.4660 
   1    H9       14.8190       -5.0590       -0.1090 
   1   H10       14.2620       -6.1990       -2.1470 
   1   H11       14.5940       -4.6810       -3.1260 
   1   H12       16.9420       -4.6590       -2.3400 
   1   H13       16.6560       -6.1050       -1.2660 
   1   H14       16.2580       -2.7100        0.8300 
   1   H15       13.6310       -2.1100        3.3030 
   1   H16       11.0150       -2.0180        0.5840 
   1   H17       11.3730       -3.5010        1.4850 
   1   H18       11.7560       -1.9450        2.1950 
   1   H19       14.9120       -0.3030       -0.5170 
   1   H20       15.8490        1.7410        0.1320 
   1   H21       15.3260       -2.3620        3.0530 

