Run semi-empirical minimization
 &qmmm
    qm_theory='AM1', grms_tol=0.0005,
 scfconv=1.d-10, ndiis_attempts=700,   qmcharge=1,
 /
   6    C1       14.8240       -5.5740       -0.0950 
   6    C2       15.4100       -4.5800       -1.1310 
   6    C3       15.0440       -5.1770       -2.5050 
   6    C4       15.0000       -3.0810       -0.8560 
   6    C5       15.6260       -1.9910       -1.7550 
   6    C6       16.4950       -2.2940       -2.8280 
   6    C7       16.9110       -1.2930       -3.7150 
   6    C8       16.5210        0.0380       -3.5030 
   6    C9       15.7890        0.4120       -2.3600 
   6   C10       15.4740        1.8320       -2.0910 
   6   C11       15.1410        2.7150       -3.1460 
   6   C12       14.7980        4.0580       -2.8920 
   6   C13       14.7940        4.5480       -1.5750 
   6   C14       15.1520        3.6970       -0.5160 
  17   Cl1       15.1670        4.3070        1.0980 
   6   C15       15.4910        2.3530       -0.7760 
   6   C16       15.3470       -0.6200       -1.5010 
   7    N1       15.3360       -2.7760        0.5280 
   6   C17       14.2640       -2.5230        1.2770 
   7    N2       14.3550       -2.2990        2.5930 
   7    N3       13.1360       -2.5500        0.5500 
   6   C18       11.7810       -2.2580        1.0360 
   6   C19       13.4690       -2.8900       -0.7990 
   8    O1       12.6470       -3.0010       -1.7150 
   1    H1       14.9200       -5.2280        0.9320 
   1    H2       13.7610       -5.7560       -0.2620 
   1    H3       15.3240       -6.5430       -0.1590 
   1    H4       16.4950       -4.6260       -1.0370 
   1    H5       15.5210       -6.1490       -2.6420 
   1    H6       13.9730       -5.3530       -2.5660 
   1    H7       15.3120       -4.5770       -3.3680 
   1    H8       16.8570       -3.2880       -3.0200 
   1    H9       17.5260       -1.5540       -4.5670 
   1   H10       16.8150        0.7850       -4.2160 
   1   H11       15.1170        2.3520       -4.1630 
   1   H12       14.5200        4.7130       -3.7050 
   1   H13       14.5170        5.5730       -1.3740 
   1   H14       15.7710        1.7170        0.0480 
   1   H15       14.7440       -0.3440       -0.6500 
   1   H16       16.2980       -2.7810        0.8710 
   1   H17       13.5760       -2.0340        3.1930 
   1   H18       11.0170       -2.6390        0.3590 
   1   H19       11.6230       -2.7040        2.0160 
   1   H20       11.6550       -1.1800        1.1210 
   1   H21       15.2760       -2.3090        3.0320 

