Run semi-empirical minimization
 &qmmm
    qm_theory='AM1', grms_tol=0.0005,
 scfconv=1.d-10, ndiis_attempts=700,   qmcharge=1,
 /
   6    C1       11.7160       -2.2820        1.2490 
   7    N1       13.0380       -2.6190        0.7080 
   6    C2       14.2060       -2.6010        1.3670 
   7    N2       14.3790       -2.3440        2.6660 
   7    N3       15.2290       -2.8860        0.5640 
   6    C3       14.8080       -3.2130       -0.8000 
   6    C4       15.1470       -4.6970       -1.0820 
   6    C5       16.3600       -5.2250       -0.5920 
   6    C6       16.7230       -6.5670       -0.7950 
   6    C7       15.8500       -7.4280       -1.4700 
   6    C8       14.6350       -6.9310       -1.9720 
   6    C9       14.2940       -5.5750       -1.7920 
   6   C10       15.3970       -2.2030       -1.8020 
   6   C11       15.9970       -2.6080       -3.0160 
   6   C12       16.4800       -1.6420       -3.9170 
   6   C13       16.3580       -0.2710       -3.6260 
   6   C14       15.7920        0.1720       -2.4130 
   6   C15       15.6400        1.6150       -2.0980 
   6   C16       15.4540        2.5840       -3.1120 
   6   C17       15.2100        3.9360       -2.7900 
   6   C18       15.1600        4.3480       -1.4470 
   6   C19       15.3890        3.4120       -0.4270 
   6   C20       15.6330        2.0660       -0.7580 
   6   C21       15.3280       -0.8150       -1.5130 
   6   C22       13.2880       -2.9670       -0.6530 
   8    O1       12.4110       -3.0210       -1.5240 
   1    H1       11.5250       -1.2190        1.1030 
   1    H2       10.9270       -2.8410        0.7450 
   1    H3       11.6590       -2.5030        2.3140 
   1    H4       15.3220       -2.3530        3.0550 
   1    H5       16.2070       -2.8880        0.8510 
   1    H6       17.0260       -4.6000       -0.0250 
   1    H7       17.6620       -6.9340       -0.4060 
   1    H8       16.1110       -8.4660       -1.5840 
   1    H9       13.9630       -7.5970       -2.4920 
   1   H10       13.3570       -5.2350       -2.1940 
   1   H11       16.0920       -3.6530       -3.2800 
   1   H12       16.9370       -1.9480       -4.8490 
   1   H13       16.7040        0.4470       -4.3530 
   1   H14       15.4490        2.2870       -4.1500 
   1   H15       15.0280        4.6610       -3.5680 
   1   H16       14.9460        5.3790       -1.2000 
   1   H17       15.3640        3.7200        0.6080 
   1   H18       15.8120        1.3690        0.0410 
   1   H19       14.8640       -0.4920       -0.5940 
   1   H20       13.6370       -2.0530        3.3010 

