Run semi-empirical minimization
 &qmmm
    qm_theory='AM1', grms_tol=0.0005,
 scfconv=1.d-10, ndiis_attempts=700,   qmcharge=1,
 /
   6    C1       11.7150       -2.1700        1.1860 
   7    N1       13.0470       -2.4710        0.6540 
   6    C2       14.2070       -2.4900        1.3300 
   7    N2       14.3600       -2.2950        2.6440 
   7    N3       15.2420       -2.7550        0.5320 
   6    C3       14.8170       -3.0610       -0.8290 
   6    C4       15.0770       -4.5790       -1.0200 
   6    C5       14.2710       -5.5610       -0.3780 
   6    C6       14.5690       -6.9360       -0.4680 
   6    C7       15.6910       -7.3650       -1.1930 
   6    C8       16.5200       -6.4110       -1.8040 
   6    C9       16.2190       -5.0420       -1.7030 
   6   C10       15.3780       -2.0330       -1.8470 
   6   C11       15.7360       -2.3800       -3.1720 
   6   C12       16.2340       -1.4070       -4.0510 
   6   C13       16.2510       -0.0550       -3.6770 
   6   C14       15.7990        0.3580       -2.4050 
   6   C15       15.6220        1.8000       -2.0870 
   6   C16       15.3730        2.7530       -3.1060 
   7    N4       15.0850        4.0530       -2.8900 
   6   C17       15.0310        4.4850       -1.6170 
   6   C18       15.2980        3.6530       -0.5190 
  17   Cl1       15.2310        4.2780        1.0890 
   6   C19       15.6050        2.3010       -0.7650 
   6   C20       15.4330       -0.6570       -1.4880 
   6   C21       13.3070       -2.7860       -0.7110 
   8    O1       12.4450       -2.8370       -1.5960 
   1    H1       11.5250       -1.1040        1.0830 
   1    H2       10.9390       -2.7030        0.6370 
   1    H3       11.6390       -2.4490        2.2400 
   1    H4       15.2990       -2.3280        3.0410 
   1    H5       16.2150       -2.8180        0.8300 
   1    H6       13.4190       -5.2900        0.2240 
   1    H7       13.9460       -7.6600        0.0350 
   1    H8       15.9300       -8.4170       -1.2500 
   1    H9       17.4130       -6.7100       -2.3270 
   1   H10       16.9010       -4.3390       -2.1390 
   1   H11       15.6490       -3.3890       -3.5500 
   1   H12       16.5690       -1.6940       -5.0380 
   1   H13       16.5830        0.6670       -4.4090 
   1   H14       15.3360        2.4540       -4.1430 
   1   H15       14.7750        5.5230       -1.4710 
   1   H16       15.8110        1.6510        0.0680 
   1   H17       15.0960       -0.3620       -0.5080 
   1   H18       13.6150       -2.0120        3.2790 

