Run semi-empirical minimization
 &qmmm
    qm_theory='AM1', grms_tol=0.0005,
 scfconv=1.d-10, ndiis_attempts=700,   qmcharge=1,
 /
   6    C1       11.7870       -2.3690        1.0810 
   7    N1       13.1390       -2.6650        0.5890 
   6    C2       14.2720       -2.5930        1.3020 
   7    N2       14.3730       -2.3190        2.6080 
   7    N3       15.3400       -2.8500        0.5490 
   6    C3       15.0020       -3.1750       -0.8290 
   6    C4       15.5500       -2.1170       -1.8050 
   6    C5       16.1750       -2.4940       -3.0180 
   6    C6       16.6120       -1.5160       -3.9230 
   6    C7       16.4090       -0.1560       -3.6430 
   6    C8       15.8120        0.2670       -2.4360 
   6    C9       15.5760        1.7080       -2.1750 
   6   C10       15.3710        2.6230       -3.2320 
   7    N4       15.0910        3.9310       -3.0640 
   6   C11       15.0100        4.4070       -1.8090 
   6   C12       15.2270        3.6080       -0.6780 
   6   C13       15.1480        4.1900        0.6470 
   7    N5       15.0880        4.6560        1.7030 
   6   C14       15.5210        2.2440       -0.8680 
   6   C15       15.4070       -0.7330       -1.5200 
   6   C16       15.5580       -4.5840       -1.0990 
   6   C17       14.8990       -5.8590       -0.6070 
   6   C18       14.9620       -5.5650       -2.0860 
   6   C19       13.4650       -3.0500       -0.7490 
   8    O1       12.6340       -3.2040       -1.6490 
   1    H1       11.6500       -2.7580        2.0900 
   1    H2       11.6360       -1.2900        1.1050 
   1    H3       11.0200       -2.8060        0.4400 
   1    H4       13.5960       -2.0530        3.2090 
   1    H5       16.3060       -2.8320        0.8840 
   1    H6       16.3240       -3.5280       -3.2920 
   1    H7       17.0860       -1.8070       -4.8500 
   1    H8       16.7170        0.5620       -4.3860 
   1    H9       15.3880        2.2930       -4.2600 
   1   H10       14.7670        5.4560       -1.7110 
   1   H11       15.7080        1.6130       -0.0150 
   1   H12       14.9270       -0.4330       -0.6000 
   1   H13       16.6440       -4.6020       -1.0420 
   1   H14       15.5490       -6.6460       -0.2310 
   1   H15       13.9220       -5.8030       -0.1310 
   1   H16       14.0280       -5.3110       -2.5720 
   1   H17       15.6530       -6.1500       -2.6920 
   1   H18       15.2970       -2.3100        3.0420 

