Run semi-empirical minimization
 &qmmm
    qm_theory='AM1', grms_tol=0.0005,
 scfconv=1.d-10, ndiis_attempts=700,   qmcharge=1,
 /
   6    C1       11.7080       -2.3340        1.2790 
   7    N1       13.0270       -2.6810        0.7330 
   6    C2       14.1990       -2.6480        1.3820 
   7    N2       14.3800       -2.3630        2.6740 
   7    N3       15.2170       -2.9460        0.5770 
   6    C3       14.7860       -3.2920       -0.7800 
   6    C4       15.1320       -4.7730       -1.0530 
   6    C5       16.3610       -5.2810       -0.5800 
   6    C6       16.7390       -6.6180       -0.7850 
   6    C7       15.8670       -7.4920       -1.4440 
   6    C8       14.6400       -7.0150       -1.9350 
   6    C9       14.2820       -5.6630       -1.7530 
   6   C10       15.3660       -2.2950       -1.7990 
   6   C11       15.9430       -2.7230       -3.0180 
   6   C12       16.4290       -1.7760       -3.9350 
   6   C13       16.3310       -0.4020       -3.6590 
   6   C14       15.7810        0.0630       -2.4470 
   6   C15       15.6530        1.5120       -2.1630 
   6   C16       15.5220        2.4730       -3.1920 
   7    N4       15.3350        3.7920       -2.9800 
   6   C17       15.2790        4.2300       -1.7080 
   6   C18       15.4380        3.3820       -0.6010 
   9    F1       15.3970        3.8650        0.6640 
   6   C19       15.6330        2.0130       -0.8430 
   6   C20       15.3160       -0.9040       -1.5260 
   6   C21       13.2670       -3.0500       -0.6250 
   8    O1       12.3850       -3.1140       -1.4900 
   1    H1       11.6550       -2.5580        2.3440 
   1    H2       11.5250       -1.2690        1.1370 
   1    H3       10.9130       -2.8850        0.7780 
   1    H4       15.3270       -2.3640        3.0580 
   1    H5       16.1980       -2.9380        0.8560 
   1    H6       17.0280       -4.6430       -0.0290 
   1    H7       17.6890       -6.9710       -0.4080 
   1    H8       16.1440       -8.5260       -1.5530 
   1    H9       13.9720       -7.6890       -2.4490 
   1   H10       13.3370       -5.3350       -2.1500 
   1   H11       16.0200       -3.7710       -3.2730 
   1   H12       16.8710       -2.0940       -4.8680 
   1   H13       16.6870        0.2930       -4.4030 
   1   H14       15.5280        2.1750       -4.2290 
   1   H15       15.1000        5.2850       -1.5670 
   1   H16       15.7730        1.3510       -0.0060 
   1   H17       14.8710       -0.5690       -0.6010 
   1   H18       13.6420       -2.0670        3.3100 

