Run semi-empirical minimization
 &qmmm
    qm_theory='AM1', grms_tol=0.0005,
 scfconv=1.d-10, ndiis_attempts=700,   qmcharge=1,
 /
   6    C1       15.2090        4.1240        0.7010 
   6    C2       15.3090        3.5220       -0.6860 
   6    C3       15.1280        4.3250       -1.8220 
   7    N1       15.2150        3.8470       -3.0720 
   6    C4       15.4530        2.5310       -3.2370 
   6    C5       15.6150        1.6090       -2.1790 
   6    C6       15.7870        0.1570       -2.4350 
   6    C7       16.3710       -0.3090       -3.6320 
   6    C8       16.5070       -1.6830       -3.8950 
   6    C9       16.0170       -2.6320       -2.9820 
   6   C10       15.4020       -2.2060       -1.7810 
   6   C11       14.8030       -3.2090       -0.7800 
   6   C12       15.1320       -4.6950       -1.0610 
   6   C13       14.2710       -5.5710       -1.7660 
   6   C14       14.6070       -6.9270       -1.9480 
   6   C15       15.8240       -7.4280       -1.4570 
   6   C16       16.7060       -6.5690       -0.7890 
   6   C17       16.3490       -5.2260       -0.5820 
   7    N2       15.2230       -2.8830        0.5830 
   6   C18       14.1990       -2.6020        1.3850 
   7    N3       14.3720       -2.3500        2.6840 
   7    N4       13.0320       -2.6160        0.7250 
   6   C19       11.7080       -2.2820        1.2640 
   6   C20       13.2840       -2.9560       -0.6370 
   8    O1       12.4100       -2.9970       -1.5120 
   6   C21       15.3260       -0.8130       -1.5150 
   6   C22       15.5650        2.1500       -0.8760 
   1    H1       16.0320        3.7900        1.3330 
   1    H2       15.2300        5.2140        0.6620 
   1    H3       14.2700        3.8300        1.1670 
   1    H4       14.9150        5.3800       -1.7270 
   1    H5       15.4710        2.2000       -4.2640 
   1    H6       16.7220        0.3880       -4.3750 
   1    H7       16.9760       -2.0020       -4.8150 
   1    H8       16.1170       -3.6800       -3.2290 
   1    H9       13.3310       -5.2290       -2.1610 
   1   H10       13.9280       -7.5910       -2.4620 
   1   H11       16.0820       -8.4660       -1.5750 
   1   H12       17.6490       -6.9380       -0.4110 
   1   H13       17.0230       -4.6020       -0.0250 
   1   H14       16.2020       -2.8880        0.8700 
   1   H15       13.6300       -2.0610        3.3200 
   1   H16       10.9230       -2.8520        0.7660 
   1   H17       11.6540       -2.4940        2.3310 
   1   H18       11.5090       -1.2230        1.1070 
   1   H19       14.8550       -0.4760       -0.6030 
   1   H20       15.7150        1.5140       -0.0200 
   1   H21       15.3160       -2.3600        3.0740 

