Run semi-empirical minimization
 &qmmm
    qm_theory='AM1', grms_tol=0.0005,
 scfconv=1.d-10, ndiis_attempts=700,   qmcharge=1,
 /
   6    C1       11.7270       -2.5840        1.3290 
   7    N1       13.0530       -2.6450        0.7060 
   6    C2       14.2320       -2.5930        1.3460 
   7    N2       14.4070       -2.4120        2.6580 
   7    N3       15.2570       -2.7750        0.5130 
   6    C3       14.8120       -3.0760       -0.8430 
   6    C4       15.3590       -2.0160       -1.8430 
   6    C5       16.0200       -2.3190       -3.0600 
   6    C6       16.4380       -1.2950       -3.9240 
   6    C7       16.1810        0.0500       -3.6160 
   6    C8       15.5430        0.4050       -2.4120 
   6    C9       15.2160        1.8210       -2.1140 
   6   C10       15.3570        2.3660       -0.8160 
   6   C11       14.9850        3.7010       -0.5360 
  17   Cl1       15.1550        4.3440        1.0550 
   6   C12       14.4610        4.5130       -1.5550 
   6   C13       14.3210        3.9930       -2.8520 
  17   Cl2       13.6520        4.9770       -4.0970 
   6   C14       14.7050        2.6650       -3.1280 
   6   C15       15.1680       -0.6370       -1.5330 
   6   C16       15.0320       -4.5980       -1.0300 
   6   C17       14.8680       -5.3410       -2.3310 
   6   C18       16.2130       -5.2990       -1.6570 
   6   C19       13.2930       -2.8880       -0.6770 
   8    O1       12.4120       -2.9820       -1.5380 
   1    H1       11.4700       -3.5570        1.7450 
   1    H2       11.7370       -1.8710        2.1440 
   1    H3       10.9530       -2.2890        0.6210 
   1    H4       13.6640       -2.1510        3.3040 
   1    H5       16.2400       -2.7840        0.7870 
   1    H6       16.2290       -3.3150       -3.3990 
   1    H7       16.9460       -1.5530       -4.8430 
   1    H8       16.4790        0.8090       -4.3260 
   1    H9       15.7510        1.7580       -0.0170 
   1   H10       14.1590        5.5300       -1.3430 
   1   H11       14.5640        2.2800       -4.1280 
   1   H12       14.6630       -0.3620       -0.6210 
   1   H13       14.6220       -5.1530       -0.1850 
   1   H14       14.3020       -6.2720       -2.3060 
   1   H15       14.7450       -4.7530       -3.2260 
   1   H16       16.9720       -4.7220       -2.1490 
   1   H17       16.5740       -6.2030       -1.1700 
   1   H18       15.3570       -2.4020        3.0360 

