Run semi-empirical minimization
 &qmmm
    qm_theory='AM1', grms_tol=0.0005,
 scfconv=1.d-10, ndiis_attempts=700,   qmcharge=1,
 /
   6    C1       12.5710        5.3510       -2.7660 
   8    O1       13.7080        5.1550       -1.9290 
   6    C2       14.3520        3.9580       -2.1070 
   6    C3       14.8800        3.2990       -0.9810 
   6    C4       15.4000        1.9960       -1.1050 
   6    C5       15.4240        1.3430       -2.3580 
   6    C6       15.7610       -0.0830       -2.4960 
   6    C7       16.4100       -0.5580       -3.6480 
   6    C8       16.5940       -1.9310       -3.8580 
   6    C9       16.0900       -2.8630       -2.9350 
   6   C10       15.4300       -2.4160       -1.7640 
   6   C11       14.8180       -3.3960       -0.7510 
   6   C12       15.1630       -4.8770       -1.0180 
   6   C13       14.3260       -5.7680       -1.7330 
   6   C14       14.7020       -7.1140       -1.9230 
   6   C15       15.9320       -7.5800       -1.4260 
   6   C16       16.7920       -6.7000       -0.7600 
   6   C17       16.3960       -5.3710       -0.5450 
   7    N1       15.2310       -3.0390        0.6070 
   6   C18       14.2080       -2.6970        1.3870 
   7    N2       14.3760       -2.3750        2.6720 
   7    N3       13.0450       -2.7270        0.7210 
   6   C19       11.7300       -2.3300        1.2410 
   6   C20       13.2980       -3.1410       -0.6220 
   8    O2       12.4260       -3.2220       -1.4950 
   6   C21       15.3170       -1.0200       -1.5420 
   6   C22       15.0020        2.0600       -3.4970 
   6   C23       14.4600        3.3470       -3.3730 
   1    H1       11.9720        6.1860       -2.4060 
   1    H2       12.8590        5.5870       -3.7900 
   1    H3       11.9230        4.4730       -2.7730 
   1    H4       14.8190        3.7670       -0.0100 
   1    H5       15.7380        1.4790       -0.2210 
   1    H6       16.7420        0.1380       -4.4010 
   1    H7       17.0960       -2.2500       -4.7560 
   1    H8       16.2160       -3.9140       -3.1520 
   1    H9       13.3830       -5.4460       -2.1400 
   1   H10       14.0450       -7.7900       -2.4490 
   1   H11       16.2290       -8.6070       -1.5340 
   1   H12       17.7480       -7.0430       -0.3880 
   1   H13       17.0550       -4.7250        0.0060 
   1   H14       16.2100       -3.0100        0.8920 
   1   H15       13.6320       -2.0600        3.2930 
   1   H16       10.9200       -2.8080        0.6890 
   1   H17       11.6300       -2.5990        2.2920 
   1   H18       11.6160       -1.2510        1.1440 
   1   H19       14.8060       -0.6510       -0.6630 
   1   H20       15.0100        1.5950       -4.4720 
   1   H21       14.0880        3.8360       -4.2590 
   1   H22       15.3190       -2.3680        3.0650 

